1.725513935089111328e-01 1.858811527490615845e-01 1.973083168268203735e-01 2.048408836126327515e-01 2.107758373022079468e-01 2.175017744302749634e-01 2.236947119235992432e-01 2.266954630613327026e-01 2.252757996320724487e-01 2.193711698055267334e-01 2.096923589706420898e-01 1.977166831493377686e-01 1.853293031454086304e-01 1.738522052764892578e-01
1.819872260093688965e-01 1.953169554471969604e-01 2.067441642284393311e-01 2.142766714096069336e-01 2.202115952968597412e-01 2.269375920295715332e-01 2.331305146217346191e-01 2.361311614513397217e-01 2.347116321325302124e-01 2.288069725036621094e-01 2.191281616687774658e-01 2.071524709463119507e-01 1.947651207447052002e-01 1.832880079746246338e-01
1.901053935289382935e-01 2.034351080656051636e-01 2.148623764514923096e-01 2.223948389291763306e-01 2.283298075199127197e-01 2.350558042526245117e-01 2.412486970424652100e-01 2.442494332790374756e-01 2.428297549486160278e-01 2.369251698255538940e-01 2.272463142871856689e-01 2.152706682682037354e-01 2.028832882642745972e-01 1.914061903953552246e-01
1.966608315706253052e-01 2.099905610084533691e-01 2.214177399873733521e-01 2.289503067731857300e-01 2.348851859569549561e-01 2.416112273931503296e-01 2.478041350841522217e-01 2.508048117160797119e-01 2.493852227926254272e-01 2.434805929660797119e-01 2.338017523288726807e-01 2.218260765075683594e-01 2.094386965036392212e-01 1.979616284370422363e-01
2.014506608247756958e-01 2.147804051637649536e-01 2.262076139450073242e-01 2.337401360273361206e-01 2.396750599145889282e-01 2.464010715484619141e-01 2.525939643383026123e-01 2.555947303771972656e-01 2.541750967502593994e-01 2.482704669237136841e-01 2.385915964841842651e-01 2.266159206628799438e-01 2.142285555601119995e-01 2.027514576911926270e-01
2.043247967958450317e-01 2.176546007394790649e-01 2.290817201137542725e-01 2.366143614053726196e-01 2.425492554903030396e-01 2.492752224206924438e-01 2.554680705070495605e-01 2.584688365459442139e-01 2.570492029190063477e-01 2.511445879936218262e-01 2.414658069610595703e-01 2.294900715351104736e-01 2.171027362346649170e-01 2.056256383657455444e-01
2.051935195922851562e-01 2.185232490301132202e-01 2.299504727125167847e-01 2.374830096960067749e-01 2.434179633855819702e-01 2.501439154148101807e-01 2.563368380069732666e-01 2.593375444412231445e-01 2.579179704189300537e-01 2.520132958889007568e-01 2.423345595598220825e-01 2.303588241338729858e-01 2.179714292287826538e-01 2.064943164587020874e-01
2.040321081876754761e-01 2.173618674278259277e-01 2.287890613079071045e-01 2.363216131925582886e-01 2.422565072774887085e-01 2.489825040102005005e-01 2.551754117012023926e-01 2.581762075424194336e-01 2.567565441131591797e-01 2.508519291877746582e-01 2.411730736494064331e-01 2.291974276304244995e-01 2.168100178241729736e-01 2.053329348564147949e-01
2.008818089962005615e-01 2.142115831375122070e-01 2.256387025117874146e-01 2.331712990999221802e-01 2.391062229871749878e-01 2.458322346210479736e-01 2.520250976085662842e-01 2.550258636474609375e-01 2.536062598228454590e-01 2.477015703916549683e-01 2.380228489637374878e-01 2.260471135377883911e-01 2.136597633361816406e-01 2.021826505661010742e-01
1.958476603031158447e-01 2.091774344444274902e-01 2.206046432256698608e-01 2.281371653079986572e-01 2.340720891952514648e-01 2.407981008291244507e-01 2.469910085201263428e-01 2.499917298555374146e-01 2.485720664262771606e-01 2.426674216985702515e-01 2.329886257648468018e-01 2.210129350423812866e-01 2.086255848407745361e-01 1.971484124660491943e-01
1.890923827886581421e-01 2.024221569299697876e-01 2.138493210077285767e-01 2.213818728923797607e-01 2.273167669773101807e-01 2.340427786111831665e-01 2.402356863021850586e-01 2.432364076375961304e-01 2.418167740106582642e-01 2.359121739864349365e-01 2.262333780527114868e-01 2.142576575279235840e-01 2.018703222274780273e-01 1.903932094573974609e-01
1.808279901742935181e-01 1.941577196121215820e-01 2.055849283933639526e-01 2.131174802780151367e-01 2.190524041652679443e-01 2.257783859968185425e-01 2.319713085889816284e-01 2.349720448255538940e-01 2.335524410009384155e-01 2.276477813720703125e-01 2.179689258337020874e-01 2.059932649135589600e-01 1.936058402061462402e-01 1.821287870407104492e-01
1.713047623634338379e-01 1.846345216035842896e-01 1.960617005825042725e-01 2.035942375659942627e-01 2.095291763544082642e-01 2.162552028894424438e-01 2.224480956792831421e-01 2.254488319158554077e-01 2.240291833877563477e-01 2.181245386600494385e-01 2.084456831216812134e-01 1.964700669050216675e-01 1.840826570987701416e-01 1.726056039333343506e-01
1.607988923788070679e-01 1.741286069154739380e-01 1.855557709932327271e-01 1.930883526802062988e-01 1.990232914686203003e-01 2.057492733001708984e-01 2.119421809911727905e-01 2.149429172277450562e-01 2.135232686996459961e-01 2.076186388731002808e-01 1.979398578405380249e-01 1.859641522169113159e-01 1.735767573118209839e-01 1.620996743440628052e-01
